6471.89 0
6469.25 184.812
6461.33 369.472
6448.15 553.832
6429.7 737.74
6406.01 921.046
6377.1 1103.6
6342.98 1285.26
6303.69 1465.86
6259.27 1645.27
6209.73 1823.34
6155.13 1999.92
6095.51 2174.87
6030.92 2348.05
5961.41 2519.31
5887.04 2688.52
5807.86 2855.53
5723.95 3020.22
5635.37 3182.44
5542.19 3342.07
5444.5 3498.97
5342.36 3653.01
5235.87 3804.08
5125.1 3952.04
5010.16 4096.79
4891.13 4238.18
4768.11 4376.13
4641.2 4510.5
4510.5 4641.2
4376.13 4768.11
4238.18 4891.13
4096.79 5010.16
3952.04 5125.1
3804.08 5235.87
3653.01 5342.36
3498.97 5444.5
3342.07 5542.19
3182.44 5635.37
3020.22 5723.95
2855.53 5807.86
2688.52 5887.04
2519.31 5961.41
2348.05 6030.92
2174.87 6095.51
1999.92 6155.13
1823.34 6209.73
1645.27 6259.27
1465.86 6303.69
1285.26 6342.98
1103.6 6377.1
921.046 6406.01
737.74 6429.7
553.832 6448.15
369.472 6461.33
184.812 6469.25
3.96276e-13 6471.89
-184.812 6469.25
-369.472 6461.33
-553.832 6448.15
-737.74 6429.7
-921.046 6406.01
-1103.6 6377.1
-1285.26 6342.98
-1465.86 6303.69
-1645.27 6259.27
-1823.34 6209.73
-1999.92 6155.13
-2174.87 6095.51
-2348.05 6030.92
-2519.31 5961.41
-2688.52 5887.04
-2855.53 5807.86
-3020.22 5723.95
-3182.44 5635.37
-3342.07 5542.19
-3498.97 5444.5
-3653.01 5342.36
-3804.08 5235.87
-3952.04 5125.1
-4096.79 5010.16
-4238.18 4891.13
-4376.13 4768.11
-4510.5 4641.2
-4641.2 4510.5
-4768.11 4376.13
-4891.13 4238.18
-5010.16 4096.79
-5125.1 3952.04
-5235.87 3804.08
-5342.36 3653.01
-5444.5 3498.97
-5542.19 3342.07
-5635.37 3182.44
-5723.95 3020.22
-5807.86 2855.53
-5887.04 2688.52
-5961.41 2519.31
-6030.92 2348.05
-6095.51 2174.87
-6155.13 1999.92
-6209.73 1823.34
-6259.27 1645.27
-6303.69 1465.86
-6342.98 1285.26
-6377.1 1103.6
-6406.01 921.046
-6429.7 737.74
-6448.15 553.832
-6461.33 369.472
-6469.25 184.812
-6471.89 7.92551e-13
-6469.25 -184.812
-6461.33 -369.472
-6448.15 -553.832
-6429.7 -737.74
-6406.01 -921.046
-6377.1 -1103.6
-6342.98 -1285.26
-6303.69 -1465.86
-6259.27 -1645.27
-6209.73 -1823.34
-6155.13 -1999.92
-6095.51 -2174.87
-6030.92 -2348.05
-5961.41 -2519.31
-5887.04 -2688.52
-5807.86 -2855.53
-5723.95 -3020.22
-5635.37 -3182.44
-5542.19 -3342.07
-5444.5 -3498.97
-5342.36 -3653.01
-5235.87 -3804.08
-5125.1 -3952.04
-5010.16 -4096.79
-4891.13 -4238.18
-4768.11 -4376.13
-4641.2 -4510.5
-4510.5 -4641.2
-4376.13 -4768.11
-4238.18 -4891.13
-4096.79 -5010.16
-3952.04 -5125.1
-3804.08 -5235.87
-3653.01 -5342.36
-3498.97 -5444.5
-3342.07 -5542.19
-3182.44 -5635.37
-3020.22 -5723.95
-2855.53 -5807.86
-2688.52 -5887.04
-2519.31 -5961.41
-2348.05 -6030.92
-2174.87 -6095.51
-1999.92 -6155.13
-1823.34 -6209.73
-1645.27 -6259.27
-1465.86 -6303.69
-1285.26 -6342.98
-1103.6 -6377.1
-921.046 -6406.01
-737.74 -6429.7
-553.832 -6448.15
-369.472 -6461.33
-184.812 -6469.25
-6.93702e-12 -6471.89
184.812 -6469.25
369.472 -6461.33
553.832 -6448.15
737.74 -6429.7
921.046 -6406.01
1103.6 -6377.1
1285.26 -6342.98
1465.86 -6303.69
1645.27 -6259.27
1823.34 -6209.73
1999.92 -6155.13
2174.87 -6095.51
2348.05 -6030.92
2519.31 -5961.41
2688.52 -5887.04
2855.53 -5807.86
3020.22 -5723.95
3182.44 -5635.37
3342.07 -5542.19
3498.97 -5444.5
3653.01 -5342.36
3804.08 -5235.87
3952.04 -5125.1
4096.79 -5010.16
4238.18 -4891.13
4376.13 -4768.11
4510.5 -4641.2
4641.2 -4510.5
4768.11 -4376.13
4891.13 -4238.18
5010.16 -4096.79
5125.1 -3952.04
5235.87 -3804.08
5342.36 -3653.01
5444.5 -3498.97
5542.19 -3342.07
5635.37 -3182.44
5723.95 -3020.22
5807.86 -2855.53
5887.04 -2688.52
5961.41 -2519.31
6030.92 -2348.05
6095.51 -2174.87
6155.13 -1999.92
6209.73 -1823.34
6259.27 -1645.27
6303.69 -1465.86
6342.98 -1285.26
6377.1 -1103.6
6406.01 -921.046
6429.7 -737.74
6448.15 -553.832
6461.33 -369.472
6469.25 -184.812
